https://www.cc65.org/doc/ld65-5.html
     AAAAAAAAAAAAAAAA
     111111
     5432109876543210

VDP
8080 1000000010000000
0380 0000001110000000
0180 0000000110000000
0080 0000000010000000

VIA3
8200 1000001000000000
0200 0000001000000000

ACIA
8400 1000010000000000 
0400 0000010000000000

VIA2
8800 1000100000000000
0800 0000100000000000

VIA1
9000 1001000000000000
1000 0001000000000000

ROM
a000 1010000000000000
6000 0110000000000000

FILLER
8000 1000000000000000
2000 0010000000000000

USERRAM
1000 0001000000000000
7000 0111000000000000

SYS_RAM
0200 0000001000000000
0d00 0000110100000000

ZP
0000 0000000000000000
0100 0000000100000000